1,1,0,0.0001496,0.0008384,nan,122.056,-0.0290216,606.075,102332,0.0001496,0,0.0008384,313.455,100.438,-1.37639,0.00306313,0.000981497,-1.34502e-5,281.692,-313.455,0.0001496,0,0.0008384,1.07011,0.348781,5.71042e-6,0.018677,-0.0148742,-20.9689,-20.5623,-20.9128,0.406561
2,2,0,0.0011752,0.0008368,0.0001872,122.066,-0.0188314,683.475,102145,0.0011752,0,0.0008368,307.02,108.291,-1.1363,0.00300573,0.00106017,-1.11244e-5,299.434,-307.02,0.0011752,0,0.0008368,1.69984,0.481438,1.05737e-6,0.0296678,-0.0244053,-20.9829,-20.5523,-20.7588,0.430645
3,3,0,0.0021984,0.0008376,0.0001864,122.085,-0.000417297,633.923,102258,0.0021984,0,0.0008376,345.837,122.319,-2.76515,0.003382,0.00119618,-2.70409e-5,321.516,-345.837,0.0021984,0,0.0008376,1.30818,0.437094,-1.34778e-6,0.0181605,-0.0228321,-20.9748,-20.5555,-20.8165,0.419314
4,4,0,0.0032312,0.0008288,0.0001952,122.064,-0.0206655,1168.38,101167,0.0032312,0,0.0008288,355.274,110.444,0.0612065,0.00351176,0.0010917,6.05005e-7,355.274,-334.575,0.0032312,0,0.0008288,1.13113,0.392316,-6.52932e-6,0.0178097,-0.019742,-20.9637,-20.5438,-20.8617,0.41994
5,5,0,0.0042584,0.0008256,0.0001984,122.082,-0.00285019,1368.38,100791,0.0042584,0,0.0008256,407.584,119.395,-2.67142,0.00404385,0.00118458,-2.65046e-5,407.584,-357.572,0.0042584,0,0.0008256,1.1409,0.438785,5.43603e-7,0.0199124,-0.0172632,-20.9669,-20.5498,-20.8178,0.417142
6,6,0,0.0052704,0.0008376,0.0001864,122.091,0.00593181,637.678,102263,0.0052704,0,0.0008376,402.555,111.805,-1.11614,0.00393645,0.0010933,-1.09144e-5,402.555,-262.279,0.0052704,0,0.0008376,1.3221,0.428781,1.88004e-6,0.0221883,-0.023075,-20.9973,-20.5637,-20.8219,0.433571
7,7,0,0.0062952,0.0008376,0.0001872,122.091,0.00576122,736.129,102263,0.0062952,0,0.0008376,326.522,93.7822,-5.84664,0.00319295,0.000917067,-5.71725e-5,326.522,-302.773,0.0062952,0,0.0008376,1.19703,0.412613,7.52762e-6,0.0180367,-0.0208922,-20.9889,-20.5644,-20.7225,0.424485
8,8,0,0.0073184,0.0008384,0.0001856,122.108,0.0234174,688.082,102376,0.0073184,0,0.0008384,338.056,112.266,1.00383,0.00330211,0.00109661,9.80534e-6,296.682,-338.056,0.0073184,0,0.0008384,1.43918,0.444039,2.81247e-6,0.0251184,-0.0186372,-20.9859,-20.5643,-20.7807,0.421668
9,9,0,0.0083424,0.0006464,0.0001856,122.047,-0.0385006,12409.5,78890.9,0.0083424,0,0.0006464,269.295,109.242,4.83686,0.00341352,0.00138473,6.13108e-5,269.295,-238.437,0.0083424,0,0.0006464,1.19734,0.360286,-5.62479e-6,0.0168019,-0.0208976,-20.9746,-20.5759,-20.6469,0.398733
10,10,0,0.009352,0.000596,0.0003632,122.08,-0.00495276,15385.5,72759.7,0.009352,0,0.000596,353.795,131.57,0.520626,0.00486252,0.00180828,7.15542e-6,353.795,-291.658,0.009352,0,0.000596,1.05587,0.322073,1.84508e-6,0.0166171,-0.0184285,-20.6361,-20.5936,-20.6141,0.0424935
11,11,1,0.0104024,0.0008256,0.0004544,-122.063,-0.25066,-1155.64,100775,0.0104024,0,0.0008256,448.646,110.354,0.483322,0.00445197,0.00109506,4.79606e-6,448.646,-273.176,0.0104024,0,0.0008256,1.25258,0.330921,-1.19853e-6,0.0218616,-0.0139663,-20.6433,-20.5822,-20.6148,0.0610436
12,12,1,0.0114288,0.0008232,0.0002008,-122.072,-0.260128,-1302.29,100490,0.0114288,0,0.0008232,421.668,106.695,0.00859327,0.00419613,0.00106175,8.5514e-8,421.668,-316.529,0.0114288,0,0.0008232,1.2201,0.3105,7.22845e-6,0.0193032,-0.0212948,-20.6385,-20.584,-20.6154,0.0544568
13,13,0,0.0129432,0.0005824,0.0006912,122.067,-0.0175668,-14841.2,71092.1,0.0129432,0,0.0005824,273.581,94.2362,0.860352,0.00384826,0.00132555,1.21019e-5,273.581,-220.132,0.0129432,0,0.0005824,0.951262,0.312703,8.62854e-6,0.0166027,-0.012907,-20.6443,-20.578,-20.6086,0.066257
14,14,0,0.0137064,0.0004256,0.0001808,122.085,-0.000273907,25785.7,51959.3,0.0137064,0,0.0004256,241.923,91.2783,0.679294,0.00465601,0.00175673,1.30736e-5,241.923,-190.793,0.0137064,0,0.0004256,1.01444,0.278776,-8.85425e-7,0.0120836,-0.0177053,-20.6353,-20.5944,-20.6158,0.0408905
15,15,0,0.0147672,0.0008056,0.0006352,122.069,-0.0159759,-1216.75,98338.8,0.0147672,0,0.0008056,289.925,103.949,1.28229,0.00294823,0.00105705,1.30395e-5,289.925,-269.201,0.0147672,0,0.0008056,0.99989,0.339347,-8.83162e-6,0.0159974,-0.0174514,-20.6435,-20.5847,-20.6176,0.058744
16,16,0,0.0157568,0.00036,0.000184,122.052,-0.0329661,29887.1,43938.7,0.0157568,0,0.00036,289.01,111.256,0.0467643,0.00657757,0.00253206,1.06431e-6,273.241,-289.01,0.0157568,0,0.00036,0.993007,0.314389,-7.52127e-7,0.0173312,-0.0130203,-20.6513,-20.6055,-20.6274,0.0457872
17,17,0,0.0163032,0.0002944,0.0001864,122.174,0.0891419,-32416.7,35968.1,0.0163032,0,0.0002944,345.882,91.9484,-0.992462,0.00961635,0.00255639,-2.75928e-5,234.393,-345.882,0.0163032,0,0.0002944,0.755769,0.288396,-2.65201e-7,0.0126326,-0.0131907,-20.6514,-20.5909,-20.6226,0.0605512
18,18,0,0.0167792,0.0008448,0.0001816,122.067,-0.0180101,686.337,103122,0.0167792,0,0.0008448,240.84,95.5445,1.17959,0.00233548,0.000926517,1.14388e-5,240.84,-231.159,0.0167792,0,0.0008448,0.961728,0.297444,7.86481e-7,0.0140915,-0.0167853,-20.657,-20.5904,-20.6302,0.0666337
19,19,0,0.0179664,0.0006784,0.0003424,122.068,-0.0172261,-9078.92,82810.8,0.0179664,0,0.0006784,283.74,92.5572,-0.788926,0.00342637,0.00111769,-9.52685e-6,235.947,-283.74,0.0179664,0,0.0006784,1.02846,0.326339,-5.11091e-7,0.0179501,-0.0176042,-20.6615,-20.6032,-20.6336,0.0583552
20,20,0,0.0188312,0.0008376,0.0001864,122.067,-0.0176935,737.338,102244,0.0188312,0,0.0008376,406.611,108.921,-1.15403,0.00397688,0.00106531,-1.12871e-5,368.981,-406.611,0.0188312,0,0.0008376,1.23967,0.310356,2.75074e-6,0.0164428,-0.0216364,-20.6681,-20.5902,-20.64,0.0778487
21,21,0,0.0198544,0.0006456,0.0001856,122.077,-0.00759905,12357.8,78813.2,0.0198544,0,0.0006456,203.48,84.4279,-0.689468,0.0025818,0.00107124,-8.74813e-6,198.055,-203.48,0.0198544,0,0.0006456,0.96634,0.309436,-1.91856e-6,0.0168658,-0.015335,-20.6723,-20.6192,-20.6441,0.0531008
22,22,0,0.0208712,0.0003808,0.0003712,122.037,-0.0482063,28519.5,46471.6,0.0208712,0,0.0003808,241.72,100.705,-1.74433,0.00520146,0.00216702,-3.75354e-5,232.396,-241.72,0.0208712,0,0.0003808,0.904645,0.311563,-3.77998e-7,0.0149891,-0.015789,-20.6732,-20.6299,-20.6488,0.0433374
23,23,0,0.0214384,0.0002792,0.0001864,121.979,-0.106353,-33443.3,34056.5,0.0214384,0,0.0002792,252.943,103.135,-7.30438,0.00742716,0.00302837,-0.000214479,252.943,-183.834,0.0214384,0,0.0002792,0.894768,0.287536,-9.56765e-7,0.0156167,-0.014719,-20.6776,-20.6134,-20.645,0.0641407
24,24,0,0.02192,0.0008216,0.0002024,122.081,-0.00383064,-142.77,100302,0.02192,0,0.0008216,257.72,105.931,0.0243504,0.00256944,0.00105613,2.42771e-7,257.168,-257.72,0.02192,0,0.0008216,0.903295,0.306862,4.57734e-6,0.0157655,-0.0139136,-20.6833,-20.6174,-20.6496,0.0659405
25,25,0,0.0229256,0.0004144,0.000184,122.052,-0.0326022,26468.3,50578.5,0.0229256,0,0.0004144,329.493,112.331,-0.1484,0.00651448,0.00222093,-2.93405e-6,329.493,-286.88,0.0229256,0,0.0004144,1.18684,0.356656,9.09625e-7,0.0188211,-0.0207143,-20.6736,-20.6319,-20.6525,0.0416588
26,26,0,0.0235272,0.000244,0.0001872,122.047,-0.037787,-35494.5,29779.5,0.0235272,0,0.000244,238.871,95.0529,-1.86768,0.00802133,0.00319189,-6.2717e-5,175.289,-238.871,0.0235272,0,0.000244,0.872766,0.296542,9.71504e-6,0.0152326,-0.0131722,-20.6767,-20.6094,-20.6405,0.0673245
27,27,0,0.0239352,0.0004848,0.000164,122.086,0.00128803,22170.1,59187.5,0.0239352,0,0.0004848,254.852,95.8314,-0.118002,0.00430584,0.00161912,-1.9937e-6,220.241,-254.852,0.0239352,0,0.0004848,0.907357,0.296611,-4.2231e-7,0.0157221,-0.0158364,-20.6736,-20.6337,-20.6542,0.0399355
28,28,0,0.0249656,0.0006464,0.0005456,122.075,-0.00997871,12306.5,78909.3,0.0249656,0,0.0006464,343.76,95.1017,-0.724411,0.0043564,0.0012052,-9.1803e-6,343.76,-258.354,0.0249656,0,0.0006464,1.37365,0.318115,-6.8754e-6,0.0239747,-0.0143605,-20.6752,-20.6249,-20.655,0.0503294
29,29,0,0.0259896,0.0004144,0.0003776,122.012,-0.0730158,26468.7,50561.8,0.0259896,0,0.0004144,319.376,101.827,0.0290829,0.00631655,0.00201391,5.75196e-7,319.376,-286.745,0.0259896,0,0.0004144,1.00433,0.314886,3.59452e-7,0.0156167,-0.0175289,-20.6927,-20.6356,-20.6608,0.0571243
30,30,0,0.026592,0.0002464,0.000188,122.126,0.0411589,-35250.8,30091.9,0.026592,0,0.0002464,231.223,98.5054,-4.75285,0.00768389,0.00327348,-0.000157945,195.837,-231.223,0.026592,0,0.0002464,0.858894,0.310335,2.73296e-6,0.0149905,-0.011651,-20.6854,-20.6141,-20.6513,0.0713455
31,31,0,0.0270184,0.0007464,0.00018,122.073,-0.0119172,6303.21,91115.4,0.0270184,0,0.0007464,372.976,106.705,-2.42187,0.00409345,0.0011711,-2.65803e-5,372.976,-295.504,0.0270184,0,0.0007464,1.02946,0.336988,8.12267e-6,0.0166448,-0.0179676,-20.6872,-20.6308,-20.6626,0.0564111
32,32,0,0.0280336,0.0006744,0.0002688,122.065,-0.0195842,10596.9,82320.9,0.0280336,0,0.0006744,334.471,117.193,-0.449643,0.00406301,0.00142361,-5.46207e-6,253.865,-334.471,0.0280336,0,0.0006744,1.11433,0.339443,5.23509e-7,0.0194487,-0.0171928,-20.695,-20.6323,-20.6612,0.0627
33,33,0,0.0292072,0.0007056,0.0004992,122.04,-0.0446407,-7317.46,86111.7,0.0292072,0,0.0007056,258.791,100.028,-1.09403,0.0030053,0.00116161,-1.27048e-5,257.706,-258.791,0.0292072,0,0.0007056,0.9597,0.309406,-4.82439e-6,0.0167499,-0.0140335,-20.6896,-20.6294,-20.6631,0.0601967
34,34,0,0.0301032,0.0008296,0.0001904,122.046,-0.0390894,249.62,101249,0.0301032,0,0.0008296,324.61,98.9359,-1.69029,0.00320605,0.000977152,-1.66944e-5,324.61,-257.641,0.0301032,0,0.0008296,1.0802,0.315332,-4.75704e-6,0.0159924,-0.018853,-20.6906,-20.632,-20.664,0.0586754
35,35,0,0.0311192,0.0005968,0.0001864,122.094,0.00919461,15337.1,72865.8,0.0311192,0,0.0005968,293.105,89.7044,1.73864,0.00402253,0.00123109,2.38608e-5,264.645,-293.105,0.0311192,0,0.0005968,0.985998,0.30638,4.66412e-7,0.0172089,-0.014145,-20.6914,-20.6393,-20.6614,0.0521004
36,36,0,0.0321208,0.0006352,0.0004048,122.091,0.00581184,12994.6,77552.1,0.0321208,0,0.0006352,282.051,105.964,1.54381,0.00363692,0.00136635,1.99068e-5,244.377,-282.051,0.0321208,0,0.0006352,1.01508,0.334621,2.55609e-7,0.016427,-0.0177165,-20.6685,-20.6244,-20.65,0.0441119
37,37,0,0.0331576,0.0003984,0.0004016,122.021,-0.0640602,27449.2,48613.2,0.0331576,0,0.0003984,273.613,112.713,-0.681073,0.00562838,0.00231857,-1.40101e-5,273.613,-256.766,0.0331576,0,0.0003984,0.979291,0.329904,1.92484e-6,0.0157955,-0.0170919,-20.675,-20.6349,-20.6522,0.0401053
38,38,0,0.0337432,0.0002672,0.0001872,122.18,0.0947215,-34074.2,32646.4,0.0337432,0,0.0002672,191.21,76.6265,1.76863,0.00585699,0.00234716,5.41754e-5,191.21,-188.028,0.0337432,0,0.0002672,0.649494,0.277447,-1.19614e-5,0.0113358,-0.0109245,-20.6732,-20.6105,-20.6433,0.0626881
39,39,0,0.034176,0.00034,0.0001656,122.074,-0.0113159,31013.5,41505.1,0.034176,0,0.00034,225.75,94.1491,0.51233,0.0054391,0.00226838,1.23438e-5,194.455,-225.75,0.034176,0,0.00034,0.729689,0.283652,1.02402e-6,0.0116097,-0.0127355,-20.6792,-20.6344,-20.6537,0.0448115
40,40,0,0.0347032,0.0003272,0.0001872,122.086,0.0013545,-30410.9,39946.7,0.0347032,0,0.0003272,295.698,93.6905,-1.0674,0.00740233,0.00234539,-2.67206e-5,295.698,-200.317,0.0347032,0,0.0003272,0.999987,0.283159,3.98354e-6,0.0122896,-0.0174531,-20.6694,-20.6062,-20.6444,0.0632571
41,41,0,0.0352104,0.0006176,0.00018,122.073,-0.0124677,14068.1,75392,0.0352104,0,0.0006176,357.949,117.034,1.31804,0.00474784,0.00155234,1.74825e-5,293.923,-357.949,0.0352104,0,0.0006176,1.16511,0.339988,3.88207e-6,0.020335,-0.0170775,-20.6713,-20.6143,-20.6493,0.057021
42,42,0,0.036228,0.000776,0.0004,122.07,-0.0153063,4401.82,94726.1,0.036228,0,0.000776,295.091,102.985,-0.309134,0.0031152,0.00108719,-3.26345e-6,266.945,-295.091,0.036228,0,0.000776,0.936388,0.310284,-7.84702e-7,0.016343,-0.0141649,-20.6897,-20.6254,-20.6603,0.0643403
43,43,0,0.0372584,0.0003376,0.0002544,122.014,-0.0707622,31160.3,41192,0.0372584,0,0.0003376,300.223,106.466,0.364367,0.00728839,0.00258462,8.84557e-6,216.081,-300.223,0.0372584,0,0.0003376,0.889113,0.313064,1.98698e-6,0.0155179,-0.014763,-20.6959,-20.6523,-20.6734,0.0436276
44,44,0,0.0377832,0.0003208,0.0001872,122.036,-0.0487544,-30800.1,39149.2,0.0377832,0,0.0003208,256.529,96.7345,-5.78914,0.0065526,0.00247092,-0.000147874,189.774,-256.529,0.0377832,0,0.0003208,0.800531,0.274889,-7.38431e-6,0.0139719,-0.0119195,-20.6938,-20.618,-20.6496,0.0757563
45,45,0,0.038276,0.0005048,0.000172,122.07,-0.0153114,21054,61620.8,0.038276,0,0.0005048,270.375,96.3324,-4.13874,0.00438772,0.00156331,-6.71646e-5,268.54,-270.375,0.038276,0,0.0005048,0.731845,0.292636,-3.02286e-7,0.0127731,-0.0115251,-20.6739,-20.6299,-20.654,0.0440108
46,46,0,0.0393008,0.000648,0.00052,122.07,-0.0146133,12311.2,79101.6,0.0393008,0,0.000648,274.894,98.8322,0.0775885,0.0034752,0.00124943,9.80871e-7,274.894,-265.725,0.0393008,0,0.000648,0.941693,0.31999,5.29879e-7,0.0164356,-0.0156013,-20.6789,-20.627,-20.6564,0.0518674
47,47,0,0.0407352,0.00044,0.0007864,122.06,-0.0247663,-23525.5,53706.5,0.0407352,0,0.00044,278.628,117.843,-2.26947,0.00518798,0.0021942,-4.2257e-5,252.457,-278.628,0.0407352,0,0.00044,0.887583,0.325081,8.93445e-7,0.0154912,-0.0137608,-20.6927,-20.625,-20.6602,0.067682
48,48,0,0.041352,0.00046,0.0001768,122.097,0.0119845,23689.1,56164.6,0.041352,0,0.00046,316.438,111.401,-0.0723052,0.00563411,0.00198348,-1.28738e-6,245.543,-316.438,0.041352,0,0.00046,1.00366,0.339123,3.93536e-6,0.0175172,-0.015837,-20.7049,-20.6553,-20.6808,0.0496063
49,49,0,0.0423688,0.00038,0.0005568,122.092,0.00713176,28667.1,46395,0.0423688,0,0.00038,245.417,99.7056,-2.17668,0.00528974,0.00214906,-4.69162e-5,245.417,-224.942,0.0423688,0,0.00038,0.99955,0.318368,-3.68267e-7,0.0148506,-0.0174454,-20.6976,-20.6556,-20.6766,0.0419891
50,50,0,0.042936,0.000288,0.0001872,122.126,0.0412258,-32705.5,35172.4,0.042936,0,0.000288,336.029,134.673,4.52276,0.00955377,0.00382893,0.000128589,304.836,-336.029,0.042936,0,0.000288,1.0956,0.330745,6.34255e-6,0.0120578,-0.0191219,-20.6905,-20.6307,-20.6617,0.0597834
51,51,0,0.0433952,0.0004968,0.0001712,122.104,0.0194499,21442.5,60661.5,0.0433952,0,0.0004968,237.49,85.2118,0.737659,0.003915,0.00140471,1.21603e-5,237.49,-204.525,0.0433952,0,0.0004968,0.852689,0.292549,-3.83457e-6,0.0148822,-0.0144965,-20.7071,-20.6559,-20.6778,0.051247
52,52,0,0.04442,0.000632,0.000528,122.053,-0.0322097,13189.9,77137.4,0.04442,0,0.000632,351.602,111.429,-1.11464,0.00455813,0.00144455,-1.445e-5,278.186,-351.602,0.04442,0,0.000632,0.919067,0.318965,-2.34984e-6,0.0160407,-0.0144254,-20.6938,-20.6467,-20.6712,0.0471159
53,53,0,0.045448,0.000316,0.000396,122.029,-0.056296,32474.9,38561.1,0.045448,0,0.000316,204.807,90.5967,2.37266,0.00531124,0.00234943,6.153e-5,180.996,-204.807,0.045448,0,0.000316,0.806415,0.28219,3.17258e-7,0.0137085,-0.0140746,-20.6868,-20.6518,-20.6709,0.034947
54,54,0,0.0459512,0.0003776,0.0001872,122.036,-0.0494262,-27334.6,46080.6,0.0459512,0,0.0003776,323.434,111.111,-1.31466,0.00701888,0.00241123,-2.85295e-5,323.434,-260.882,0.0459512,0,0.0003776,0.840229,0.284308,3.98971e-6,0.0135167,-0.0146648,-20.6981,-20.6398,-20.6702,0.0583681
